0	-0.964893	-0.248304	-0.0855998	-0.435534	-0.244867	0.968332	-0.0487134	-0.0561602	0.0949848	-0.0260426	-0.995138	-0.0392294	
0.002	-0.964893	-0.248304	-0.0855998	-0.435534	-0.244867	0.968332	-0.0487134	-0.0561602	0.0949848	-0.0260426	-0.995138	-0.0392294	
0.004	-0.964893	-0.248304	-0.0855998	-0.435534	-0.244867	0.968332	-0.0487134	-0.0561602	0.0949848	-0.0260426	-0.995138	-0.0392294	
0.006	-0.9649	-0.248276	-0.085596	-0.435534	-0.244843	0.96834	-0.0486712	-0.0561263	0.0949699	-0.0260053	-0.99514	-0.0392318	
0.008	-0.964942	-0.248113	-0.0855978	-0.435543	-0.244699	0.968387	-0.048469	-0.0559556	0.0949176	-0.0258241	-0.99515	-0.0392419	
0.01	-0.96499	-0.247922	-0.085613	-0.435558	-0.244531	0.968442	-0.0482145	-0.0557446	0.0948647	-0.0255914	-0.995161	-0.0392542	
0.012	-0.965023	-0.247783	-0.0856356	-0.435576	-0.244415	0.968484	-0.0479622	-0.0555464	0.0948209	-0.025354	-0.995171	-0.0392652	
0.014	-0.965036	-0.247726	-0.0856575	-0.435592	-0.24438	0.968504	-0.0477271	-0.0553768	0.0947829	-0.0251253	-0.995181	-0.0392751	
0.016	-0.965031	-0.24774	-0.0856765	-0.435604	-0.244414	0.968506	-0.0475072	-0.0552323	0.0947476	-0.0249053	-0.99519	-0.0392844	
0.018	-0.965016	-0.247791	-0.0856963	-0.435615	-0.244487	0.968499	-0.0472818	-0.0550922	0.0947128	-0.024676	-0.995199	-0.0392937	
0.02	-0.964998	-0.247855	-0.0857183	-0.435627	-0.244574	0.968489	-0.0470333	-0.0549393	0.0946746	-0.0244225	-0.995209	-0.0393039	
0.022	-0.964981	-0.247909	-0.085745	-0.435643	-0.244655	0.968483	-0.0467447	-0.0547588	0.0946309	-0.0241298	-0.99522	-0.0393156	
0.024	-0.964971	-0.247938	-0.0857762	-0.435662	-0.244716	0.968484	-0.0464058	-0.0545433	0.0945786	-0.0237895	-0.995233	-0.0393294	
0.026	-0.964969	-0.247936	-0.0858098	-0.435683	-0.24475	0.968494	-0.0460185	-0.0542938	0.0945159	-0.0234045	-0.995248	-0.0393454	
0.028	-0.964973	-0.247906	-0.0858463	-0.435707	-0.244759	0.968511	-0.0455922	-0.0540174	0.0944458	-0.0229836	-0.995265	-0.0393628	
0.03	-0.964979	-0.247869	-0.0858815	-0.435731	-0.244764	0.968531	-0.0451429	-0.0537271	0.0943684	-0.0225412	-0.995282	-0.0393822	
0.032	-0.96499	-0.247817	-0.0859171	-0.435755	-0.244754	0.968555	-0.0446889	-0.053433	0.0942901	-0.0220958	-0.9953	-0.0394013	
0.034	-0.964998	-0.247771	-0.0859534	-0.435778	-0.244749	0.968576	-0.0442445	-0.0531466	0.094215	-0.0216588	-0.995316	-0.0394199	
0.036	-0.965007	-0.247726	-0.0859877	-0.435801	-0.244743	0.968597	-0.043817	-0.0528715	0.094142	-0.0212388	-0.995332	-0.0394372	
0.038	-0.965018	-0.247671	-0.0860172	-0.435821	-0.244726	0.96862	-0.0434094	-0.052608	0.0940693	-0.0208402	-0.995347	-0.0394544	
0.04	-0.965029	-0.247619	-0.0860467	-0.435841	-0.24471	0.968641	-0.0430198	-0.052356	0.0940009	-0.0204588	-0.995362	-0.0394706	
0.042	-0.965045	-0.247545	-0.0860763	-0.435861	-0.244671	0.968668	-0.0426362	-0.0521033	0.0939338	-0.0200855	-0.995376	-0.039486	
0.044	-0.965072	-0.247431	-0.0861048	-0.435882	-0.244593	0.968705	-0.0422534	-0.0518438	0.0938649	-0.0197169	-0.99539	-0.0395015	
0.046	-0.96511	-0.247274	-0.0861317	-0.435903	-0.244471	0.968752	-0.0418635	-0.0515712	0.093792	-0.0193462	-0.995404	-0.039518	
0.048	-0.96516	-0.24707	-0.0861587	-0.435925	-0.244303	0.968812	-0.0414691	-0.0512877	0.0937173	-0.0189755	-0.995418	-0.0395343	
0.05	-0.965219	-0.246828	-0.0861818	-0.435947	-0.244097	0.968881	-0.0410739	-0.0509976	0.0936381	-0.0186085	-0.995432	-0.0395519	
0.052	-0.965285	-0.246562	-0.0862073	-0.435969	-0.243866	0.968955	-0.0406866	-0.0507096	0.0935628	-0.0182512	-0.995446	-0.0395686	
0.054	-0.965354	-0.246285	-0.086227	-0.435989	-0.243622	0.969032	-0.0403207	-0.0504357	0.0934871	-0.017917	-0.995459	-0.0395847	
0.056	-0.965423	-0.246008	-0.0862423	-0.436006	-0.243375	0.969108	-0.039983	-0.0501825	0.0934142	-0.0176113	-0.995472	-0.0396004	
0.058	-0.965491	-0.245737	-0.0862561	-0.436022	-0.243132	0.969181	-0.0396767	-0.0499514	0.0933479	-0.0173359	-0.995483	-0.0396142	
0.06	-0.965553	-0.24549	-0.0862658	-0.436035	-0.242909	0.969248	-0.0394056	-0.0497491	0.0932867	-0.0170934	-0.995493	-0.0396272	
0.062	-0.965608	-0.245271	-0.0862734	-0.436045	-0.242711	0.969308	-0.0391655	-0.0495729	0.0932316	-0.016879	-0.995501	-0.0396387	
0.064	-0.965659	-0.245069	-0.0862768	-0.436053	-0.242529	0.969362	-0.0389494	-0.0494156	0.0931787	-0.0166873	-0.99551	-0.0396501	
0.066	-0.965703	-0.244893	-0.0862821	-0.436062	-0.24237	0.96941	-0.0387551	-0.0492749	0.0931335	-0.0165137	-0.995517	-0.0396596	
0.068	-0.965743	-0.244734	-0.086287	-0.436069	-0.242227	0.969452	-0.0385762	-0.0491455	0.0930921	-0.0163536	-0.995523	-0.0396683	
0.07	-0.965778	-0.244594	-0.08629	-0.436075	-0.242102	0.96949	-0.0384179	-0.0490316	0.0930541	-0.0162123	-0.995529	-0.0396767	
0.072	-0.965808	-0.244475	-0.0862896	-0.43608	-0.241995	0.969522	-0.0382789	-0.0489323	0.0930179	-0.0160884	-0.995534	-0.0396853	
0.074	-0.965835	-0.244372	-0.0862886	-0.436083	-0.241902	0.96955	-0.0381635	-0.048849	0.0929872	-0.0159863	-0.995539	-0.0396929	
0.076	-0.965855	-0.244291	-0.0862866	-0.436085	-0.24183	0.969572	-0.0380708	-0.0487827	0.0929614	-0.0159042	-0.995543	-0.0396994	
0.078	-0.965871	-0.244229	-0.0862814	-0.436085	-0.241775	0.969588	-0.0380023	-0.048733	0.0929387	-0.0158446	-0.995546	-0.0397055	
0.08	-0.965884	-0.244183	-0.0862753	-0.436083	-0.241733	0.9696	-0.037957	-0.0486991	0.092921	-0.0158065	-0.995548	-0.0397098	
0.082	-0.965889	-0.244163	-0.0862672	-0.43608	-0.241715	0.969606	-0.0379325	-0.0486812	0.0929069	-0.0157866	-0.99555	-0.0397134	
0.084	-0.965893	-0.244152	-0.0862622	-0.436077	-0.241704	0.969609	-0.0379253	-0.0486751	0.0929001	-0.0157819	-0.99555	-0.0397149	
0.086	-0.965894	-0.244149	-0.0862565	-0.436074	-0.2417	0.969609	-0.037931	-0.0486772	0.092896	-0.0157891	-0.995551	-0.0397155	
0.088	-0.965893	-0.244153	-0.0862536	-0.436072	-0.241704	0.969608	-0.0379453	-0.0486857	0.0928966	-0.0158032	-0.99555	-0.0397152	
0.09	-0.965891	-0.244163	-0.0862523	-0.43607	-0.241711	0.969605	-0.0379671	-0.0486994	0.0929009	-0.0158239	-0.99555	-0.039714	
0.092	-0.965887	-0.24418	-0.0862498	-0.436068	-0.241726	0.9696	-0.0379945	-0.0487184	0.0929053	-0.0158496	-0.995549	-0.039713	
0.094	-0.965881	-0.244204	-0.0862494	-0.436068	-0.241747	0.969594	-0.038027	-0.0487415	0.0929132	-0.015879	-0.995548	-0.0397114	
0.096	-0.965873	-0.244236	-0.086248	-0.436066	-0.241775	0.969585	-0.0380714	-0.048775	0.0929232	-0.0159195	-0.995546	-0.039709	
0.098	-0.965859	-0.24429	-0.0862465	-0.436063	-0.241824	0.969571	-0.0381266	-0.0488193	0.092936	-0.0159685	-0.995544	-0.0397065	
0.1	-0.965842	-0.244358	-0.0862453	-0.43606	-0.241887	0.969553	-0.0381928	-0.0488743	0.0929521	-0.0160266	-0.995542	-0.0397029	
0.102	-0.965823	-0.244434	-0.0862438	-0.436057	-0.241956	0.969532	-0.0382664	-0.0489354	0.0929697	-0.0160914	-0.995539	-0.0396987	
0.104	-0.965801	-0.244521	-0.0862434	-0.436054	-0.242035	0.969509	-0.0383452	-0.0490017	0.09299	-0.0161599	-0.995536	-0.039694	
0.106	-0.96578	-0.244604	-0.086244	-0.436051	-0.242112	0.969487	-0.0384259	-0.0490701	0.0930116	-0.0162303	-0.995533	-0.0396887	
0.108	-0.965758	-0.244692	-0.0862432	-0.436047	-0.242192	0.969464	-0.0385065	-0.0491389	0.0930319	-0.0163005	-0.99553	-0.0396839	
0.11	-0.965735	-0.244781	-0.086244	-0.436045	-0.242274	0.96944	-0.0385882	-0.0492084	0.093054	-0.0163713	-0.995526	-0.0396789	
0.112	-0.965715	-0.24486	-0.086243	-0.436041	-0.242346	0.969419	-0.0386673	-0.0492755	0.0930736	-0.016441	-0.995523	-0.0396739	
0.114	-0.965695	-0.244941	-0.0862401	-0.436037	-0.24242	0.969397	-0.0387436	-0.0493397	0.0930908	-0.0165082	-0.995521	-0.0396701	
0.116	-0.965675	-0.245018	-0.0862384	-0.436033	-0.242491	0.969377	-0.038816	-0.0494011	0.0931082	-0.0165716	-0.995518	-0.0396659	
0.118	-0.965658	-0.245089	-0.0862344	-0.436029	-0.242556	0.969358	-0.0388839	-0.0494591	0.093122	-0.0166319	-0.995516	-0.039663	
0.12	-0.965641	-0.245157	-0.086231	-0.436025	-0.242619	0.96934	-0.0389452	-0.0495114	0.0931349	-0.0166858	-0.995514	-0.0396603	
0.122	-0.965628	-0.245209	-0.0862261	-0.436021	-0.242665	0.969326	-0.0390029	-0.0495591	0.093145	-0.0167382	-0.995512	-0.0396585	
0.124	-0.965616	-0.245258	-0.0862233	-0.436018	-0.24271	0.969313	-0.0390514	-0.0495996	0.093155	-0.0167814	-0.99551	-0.0396564	
0.126	-0.965606	-0.2453	-0.0862198	-0.436015	-0.242748	0.969301	-0.0390923	-0.0496338	0.0931623	-0.016818	-0.995509	-0.0396552	
0.128	-0.965598	-0.245331	-0.0862179	-0.436013	-0.242777	0.969293	-0.039125	-0.0496607	0.093169	-0.0168473	-0.995508	-0.0396538	
0.13	-0.965591	-0.245359	-0.0862155	-0.436011	-0.242802	0.969286	-0.0391482	-0.0496804	0.0931728	-0.0168678	-0.995507	-0.0396533	
0.132	-0.965588	-0.245372	-0.0862144	-0.43601	-0.242814	0.969282	-0.0391639	-0.0496935	0.0931758	-0.0168822	-0.995507	-0.0396527	
0.134	-0.965585	-0.245384	-0.086214	-0.43601	-0.242825	0.969279	-0.0391698	-0.0496999	0.0931771	-0.0168868	-0.995506	-0.0396528	
0.136	-0.965584	-0.245388	-0.0862139	-0.43601	-0.242829	0.969278	-0.0391702	-0.0497016	0.0931771	-0.0168868	-0.995506	-0.0396528	
0.138	-0.965584	-0.245387	-0.0862139	-0.43601	-0.242828	0.969278	-0.0391665	-0.0496999	0.0931762	-0.0168833	-0.995506	-0.039653	
0.14	-0.965585	-0.245385	-0.0862142	-0.43601	-0.242827	0.969279	-0.0391593	-0.0496958	0.0931747	-0.0168765	-0.995507	-0.0396533	
0.142	-0.965587	-0.245375	-0.0862144	-0.43601	-0.242818	0.969281	-0.039151	-0.0496896	0.0931727	-0.0168693	-0.995507	-0.0396537	
0.144	-0.965589	-0.245368	-0.0862162	-0.436011	-0.242812	0.969283	-0.0391408	-0.0496824	0.0931718	-0.0168596	-0.995507	-0.0396539	
0.146	-0.965592	-0.245356	-0.0862167	-0.436012	-0.242801	0.969287	-0.0391271	-0.0496725	0.0931687	-0.0168473	-0.995508	-0.0396546	
0.148	-0.965596	-0.24534	-0.0862173	-0.436013	-0.242786	0.969291	-0.0391104	-0.0496598	0.093165	-0.0168325	-0.995508	-0.0396553	
0.15	-0.965601	-0.24532	-0.0862183	-0.436014	-0.242769	0.969296	-0.03909	-0.0496438	0.0931607	-0.0168142	-0.995509	-0.0396562	
0.152	-0.965608	-0.245291	-0.0862195	-0.436016	-0.242742	0.969304	-0.0390649	-0.0496227	0.0931552	-0.0167923	-0.99551	-0.0396574	
0.154	-0.965618	-0.245252	-0.0862213	-0.436018	-0.242706	0.969314	-0.0390328	-0.0495944	0.0931484	-0.0167644	-0.995511	-0.0396587	
0.156	-0.965629	-0.245207	-0.0862217	-0.436019	-0.242664	0.969326	-0.0390017	-0.0495647	0.0931405	-0.0167383	-0.995512	-0.0396603	
0.158	-0.965642	-0.245154	-0.0862239	-0.436022	-0.242614	0.96934	-0.0389655	-0.0495298	0.0931328	-0.0167077	-0.995513	-0.0396619	
0.16	-0.965655	-0.245105	-0.086226	-0.436025	-0.242567	0.969353	-0.0389316	-0.0494964	0.0931258	-0.0166789	-0.995515	-0.0396633	
0.162	-0.96567	-0.245044	-0.0862283	-0.436027	-0.24251	0.969369	-0.0388963	-0.0494595	0.0931183	-0.0166498	-0.995516	-0.0396648	
0.164	-0.965684	-0.244986	-0.0862308	-0.436031	-0.242454	0.969384	-0.0388625	-0.0494223	0.0931115	-0.0166219	-0.995517	-0.0396662	
0.166	-0.965699	-0.244927	-0.0862333	-0.436034	-0.242399	0.969399	-0.0388279	-0.049385	0.0931045	-0.0165932	-0.995518	-0.0396677	
0.168	-0.965716	-0.244859	-0.0862359	-0.436037	-0.242333	0.969417	-0.0387944	-0.0493452	0.0930977	-0.0165666	-0.995519	-0.0396687	
0.17	-0.965732	-0.244795	-0.0862386	-0.43604	-0.242272	0.969434	-0.0387593	-0.0493056	0.0930908	-0.0165379	-0.99552	-0.0396701	
0.172	-0.965749	-0.244728	-0.0862426	-0.436044	-0.242208	0.969451	-0.0387255	-0.0492658	0.0930852	-0.0165104	-0.995521	-0.0396709	
0.174	-0.965765	-0.244661	-0.0862489	-0.436049	-0.242144	0.969469	-0.0386922	-0.0492266	0.0930821	-0.016483	-0.995522	-0.0396707	
0.176	-0.965779	-0.244602	-0.0862541	-0.436053	-0.242088	0.969484	-0.0386623	-0.04919	0.0930789	-0.0164581	-0.995523	-0.0396707	
0.178	-0.965794	-0.24454	-0.0862626	-0.436058	-0.242028	0.9695	-0.0386347	-0.0491557	0.0930793	-0.0164352	-0.995523	-0.0396691	
0.18	-0.965806	-0.244492	-0.086271	-0.436063	-0.241981	0.969512	-0.0386126	-0.049127	0.0930813	-0.0164163	-0.995523	-0.0396672	
0.182	-0.965816	-0.24445	-0.0862805	-0.436068	-0.241941	0.969523	-0.0385965	-0.0491032	0.0930859	-0.0164023	-0.995523	-0.0396644	
0.184	-0.965825	-0.244411	-0.0862894	-0.436072	-0.241902	0.969533	-0.0385855	-0.0490835	0.0930911	-0.0163932	-0.995523	-0.0396611	
0.186	-0.965832	-0.244377	-0.0863011	-0.436077	-0.241869	0.969542	-0.0385781	-0.049066	0.0931002	-0.0163864	-0.995522	-0.0396568	
0.188	-0.965839	-0.244346	-0.0863137	-0.436083	-0.241837	0.96955	-0.038576	-0.0490527	0.0931113	-0.0163844	-0.995521	-0.0396518	
0.19	-0.965845	-0.244317	-0.0863261	-0.436088	-0.241808	0.969557	-0.0385748	-0.0490407	0.0931226	-0.016383	-0.99552	-0.0396464	
0.192	-0.965851	-0.244289	-0.0863389	-0.436093	-0.24178	0.969564	-0.0385735	-0.049028	0.0931341	-0.0163813	-0.995519	-0.0396413	
0.194	-0.965857	-0.24426	-0.0863526	-0.436099	-0.241751	0.969571	-0.0385732	-0.0490157	0.0931469	-0.0163804	-0.995518	-0.0396356	
0.196	-0.965863	-0.244232	-0.0863653	-0.436105	-0.241723	0.969578	-0.0385722	-0.049002	0.0931585	-0.016379	-0.995517	-0.0396305	
0.198	-0.965868	-0.244208	-0.086378	-0.43611	-0.241698	0.969585	-0.0385722	-0.0489896	0.0931704	-0.0163783	-0.995515	-0.0396254	
0.2	-0.965873	-0.244187	-0.0863866	-0.436114	-0.241677	0.96959	-0.038573	-0.0489791	0.0931786	-0.016379	-0.995515	-0.0396215	
0.202	-0.965876	-0.244172	-0.0863968	-0.436118	-0.241661	0.969594	-0.0385728	-0.0489677	0.0931882	-0.0163778	-0.995514	-0.0396175	
0.204	-0.965877	-0.244162	-0.0864064	-0.436123	-0.241651	0.969596	-0.0385749	-0.0489589	0.0931978	-0.0163784	-0.995513	-0.0396134	
0.206	-0.965878	-0.244155	-0.0864123	-0.436125	-0.241644	0.969598	-0.0385754	-0.0489493	0.0932035	-0.0163781	-0.995512	-0.0396107	
0.208	-0.965877	-0.24416	-0.0864183	-0.436128	-0.241649	0.969597	-0.0385767	-0.0489414	0.0932098	-0.0163774	-0.995512	-0.0396083	
0.21	-0.965874	-0.24417	-0.0864226	-0.43613	-0.241658	0.969594	-0.0385786	-0.0489364	0.0932146	-0.0163773	-0.995511	-0.0396061	
0.212	-0.965869	-0.244189	-0.086427	-0.436131	-0.241677	0.969589	-0.0385791	-0.0489327	0.0932193	-0.0163749	-0.995511	-0.0396043	
0.214	-0.965863	-0.24421	-0.0864309	-0.436133	-0.241699	0.969584	-0.0385813	-0.0489314	0.093224	-0.016374	-0.995511	-0.0396025	
0.216	-0.965856	-0.244235	-0.0864336	-0.436134	-0.241723	0.969578	-0.0385829	-0.0489312	0.0932274	-0.0163725	-0.99551	-0.039601	
0.218	-0.96585	-0.244261	-0.0864361	-0.436134	-0.241749	0.969571	-0.0385844	-0.0489329	0.0932306	-0.0163708	-0.99551	-0.0395994	
0.22	-0.965844	-0.244283	-0.0864421	-0.436136	-0.24177	0.969566	-0.038588	-0.0489363	0.0932377	-0.0163708	-0.995509	-0.0395965	
0.222	-0.965837	-0.244306	-0.0864459	-0.436137	-0.241794	0.96956	-0.0385918	-0.0489412	0.0932427	-0.0163713	-0.995509	-0.0395943	
0.224	-0.965831	-0.244329	-0.0864532	-0.436139	-0.241816	0.969554	-0.0385958	-0.0489472	0.0932511	-0.0163712	-0.995508	-0.0395908	
0.226	-0.965826	-0.244345	-0.0864602	-0.436141	-0.241832	0.96955	-0.0386019	-0.0489548	0.0932597	-0.0163739	-0.995507	-0.0395868	
0.228	-0.965821	-0.244363	-0.08647	-0.436143	-0.241849	0.969546	-0.0386063	-0.0489614	0.0932706	-0.0163741	-0.995506	-0.0395818	
0.23	-0.965817	-0.244373	-0.0864797	-0.436146	-0.241858	0.969543	-0.0386123	-0.0489683	0.0932816	-0.0163765	-0.995505	-0.0395768	
0.232	-0.965813	-0.244387	-0.0864922	-0.436149	-0.241872	0.969539	-0.0386172	-0.0489751	0.0932951	-0.016377	-0.995504	-0.0395706	
0.234	-0.965808	-0.244401	-0.0865044	-0.436153	-0.241886	0.969536	-0.0386213	-0.0489816	0.0933082	-0.0163766	-0.995503	-0.0395645	
0.236	-0.965804	-0.244411	-0.0865167	-0.436156	-0.241894	0.969533	-0.0386262	-0.0489878	0.0933215	-0.0163774	-0.995501	-0.039558	
0.238	-0.9658	-0.244422	-0.0865292	-0.436159	-0.241906	0.969531	-0.0386281	-0.0489924	0.0933342	-0.0163751	-0.9955	-0.0395517	
0.24	-0.965797	-0.244433	-0.0865414	-0.436162	-0.241916	0.969528	-0.0386306	-0.0489976	0.0933469	-0.0163736	-0.995499	-0.0395453	
0.242	-0.965794	-0.244439	-0.0865552	-0.436166	-0.241922	0.969526	-0.0386316	-0.0490009	0.0933606	-0.0163706	-0.995498	-0.0395384	
0.244	-0.965789	-0.244453	-0.0865664	-0.436169	-0.241935	0.969523	-0.0386321	-0.0490052	0.0933719	-0.016367	-0.995497	-0.0395326	
0.246	-0.965786	-0.244461	-0.0865774	-0.436172	-0.241943	0.969521	-0.0386333	-0.0490097	0.093383	-0.0163646	-0.995496	-0.0395265	
0.248	-0.965783	-0.244472	-0.0865884	-0.436174	-0.241954	0.969518	-0.0386339	-0.049014	0.093394	-0.0163616	-0.995495	-0.0395208	
0.25	-0.965778	-0.244485	-0.0866009	-0.436178	-0.241967	0.969515	-0.0386343	-0.0490189	0.0934064	-0.0163576	-0.995494	-0.0395149	
0.252	-0.965775	-0.244495	-0.0866117	-0.43618	-0.241976	0.969513	-0.0386355	-0.0490239	0.0934173	-0.0163553	-0.995493	-0.0395088	
0.254	-0.96577	-0.24451	-0.0866227	-0.436183	-0.241991	0.969509	-0.0386358	-0.0490291	0.0934284	-0.0163514	-0.995492	-0.0395027	
0.256	-0.965766	-0.244519	-0.0866338	-0.436185	-0.242	0.969507	-0.038637	-0.0490341	0.0934395	-0.0163489	-0.995491	-0.0394962	
0.258	-0.965763	-0.24453	-0.0866434	-0.436186	-0.242011	0.969504	-0.0386375	-0.0490384	0.0934491	-0.016346	-0.99549	-0.0394904	
0.26	-0.965759	-0.244542	-0.0866573	-0.43619	-0.242023	0.969501	-0.0386377	-0.0490426	0.0934628	-0.0163416	-0.995489	-0.0394835	
0.262	-0.965755	-0.244552	-0.0866706	-0.436193	-0.242032	0.969499	-0.0386388	-0.0490475	0.0934763	-0.0163385	-0.995487	-0.039476	
0.264	-0.965751	-0.244561	-0.086682	-0.436195	-0.242042	0.969496	-0.0386387	-0.0490511	0.0934874	-0.0163347	-0.995486	-0.0394695	
0.266	-0.965748	-0.244571	-0.0866958	-0.436198	-0.242051	0.969494	-0.0386391	-0.0490548	0.0935011	-0.0163308	-0.995485	-0.0394619	
0.268	-0.965744	-0.244579	-0.0867117	-0.436202	-0.242058	0.969492	-0.0386399	-0.0490581	0.0935168	-0.016327	-0.995484	-0.0394533	
0.27	-0.965741	-0.244586	-0.0867322	-0.436208	-0.242066	0.96949	-0.0386391	-0.04906	0.0935366	-0.0163205	-0.995482	-0.0394436	
0.272	-0.965738	-0.24459	-0.0867496	-0.436213	-0.242069	0.969489	-0.0386398	-0.0490622	0.0935538	-0.0163165	-0.995481	-0.0394348	
0.274	-0.965736	-0.244593	-0.0867674	-0.436217	-0.242072	0.969489	-0.0386395	-0.0490631	0.093571	-0.0163116	-0.995479	-0.0394251	
0.276	-0.965733	-0.244595	-0.0867878	-0.436223	-0.242074	0.969488	-0.0386392	-0.0490634	0.0935907	-0.0163062	-0.995477	-0.0394148	
0.278	-0.965732	-0.244595	-0.0868081	-0.436229	-0.242073	0.969488	-0.0386395	-0.0490639	0.0936105	-0.0163015	-0.995475	-0.0394044	
0.28	-0.965729	-0.244599	-0.0868258	-0.436234	-0.242077	0.969487	-0.0386388	-0.0490642	0.0936275	-0.0162961	-0.995474	-0.0393956	
0.282	-0.965727	-0.244598	-0.0868486	-0.436241	-0.242075	0.969488	-0.038639	-0.0490642	0.0936496	-0.0162909	-0.995472	-0.0393845	
0.284	-0.965725	-0.244598	-0.0868703	-0.436247	-0.242076	0.969488	-0.0386387	-0.049064	0.0936707	-0.0162851	-0.99547	-0.0393736	
0.286	-0.965723	-0.244601	-0.0868895	-0.436252	-0.242078	0.969487	-0.0386377	-0.0490636	0.0936891	-0.0162793	-0.995468	-0.0393637	
0.288	-0.965721	-0.2446	-0.0869086	-0.436257	-0.242077	0.969488	-0.0386379	-0.0490636	0.0937076	-0.0162749	-0.995467	-0.0393539	
0.29	-0.965719	-0.244602	-0.0869276	-0.436263	-0.242079	0.969487	-0.038637	-0.0490633	0.0937258	-0.0162691	-0.995465	-0.0393442	
0.292	-0.965717	-0.244603	-0.0869469	-0.436268	-0.242079	0.969487	-0.0386366	-0.0490631	0.0937445	-0.016264	-0.995463	-0.0393343	
0.294	-0.965716	-0.244602	-0.0869646	-0.436273	-0.242078	0.969487	-0.0386367	-0.049063	0.0937617	-0.0162599	-0.995462	-0.0393251	
0.296	-0.965713	-0.244605	-0.0869838	-0.436278	-0.24208	0.969487	-0.0386357	-0.0490626	0.0937801	-0.016254	-0.99546	-0.039315	
0.298	-0.965713	-0.244602	-0.0870013	-0.436282	-0.242077	0.969487	-0.0386363	-0.0490627	0.0937972	-0.0162506	-0.995459	-0.0393054	
0.3	-0.965711	-0.244602	-0.0870155	-0.436284	-0.242078	0.969487	-0.0386357	-0.0490623	0.0938108	-0.0162464	-0.995457	-0.0392967	
0.302	-0.965709	-0.244605	-0.0870334	-0.436289	-0.24208	0.969487	-0.0386347	-0.0490619	0.093828	-0.0162408	-0.995456	-0.0392871	
0.304	-0.965708	-0.244604	-0.0870498	-0.436292	-0.242079	0.969487	-0.0386345	-0.0490617	0.0938438	-0.0162367	-0.995455	-0.0392774	
0.306	-0.965706	-0.244606	-0.0870665	-0.436296	-0.24208	0.969487	-0.0386334	-0.0490608	0.0938598	-0.0162314	-0.995453	-0.039268	
0.308	-0.965704	-0.244605	-0.0870855	-0.4363	-0.242079	0.969487	-0.0386333	-0.0490606	0.0938782	-0.0162268	-0.995451	-0.0392575	
0.31	-0.965702	-0.244606	-0.0871059	-0.436305	-0.24208	0.969487	-0.0386326	-0.0490602	0.0938978	-0.016221	-0.99545	-0.0392457	
0.312	-0.9657	-0.244607	-0.0871214	-0.436307	-0.242081	0.969487	-0.0386312	-0.0490591	0.0939125	-0.0162157	-0.995448	-0.0392361	
0.314	-0.965699	-0.244607	-0.0871379	-0.436309	-0.242081	0.969487	-0.0386307	-0.0490587	0.0939284	-0.0162112	-0.995447	-0.0392249	
0.316	-0.965697	-0.244607	-0.0871558	-0.436311	-0.242081	0.969487	-0.0386296	-0.0490577	0.0939454	-0.0162057	-0.995445	-0.0392132	
0.318	-0.965696	-0.244608	-0.087171	-0.436313	-0.242082	0.969487	-0.0386285	-0.0490571	0.09396	-0.0162009	-0.995444	-0.0392026	
0.32	-0.965694	-0.244608	-0.087189	-0.436315	-0.242082	0.969487	-0.0386274	-0.049056	0.0939771	-0.0161954	-0.995443	-0.0391909	
0.322	-0.965692	-0.24461	-0.087207	-0.436317	-0.242084	0.969486	-0.0386258	-0.0490548	0.0939942	-0.0161892	-0.995441	-0.0391791	
0.324	-0.965691	-0.244609	-0.0872222	-0.436318	-0.242082	0.969487	-0.0386251	-0.0490538	0.0940088	-0.016185	-0.99544	-0.0391681	
0.326	-0.965689	-0.244609	-0.0872388	-0.436319	-0.242082	0.969487	-0.0386236	-0.0490525	0.0940245	-0.0161794	-0.995438	-0.0391555	
0.328	-0.965687	-0.244611	-0.0872543	-0.43632	-0.242083	0.969486	-0.0386224	-0.0490519	0.0940393	-0.0161743	-0.995437	-0.0391442	
0.33	-0.965686	-0.244609	-0.0872745	-0.436322	-0.242082	0.969487	-0.0386216	-0.0490509	0.0940587	-0.0161687	-0.995435	-0.0391306	
0.332	-0.965684	-0.244613	-0.0872913	-0.436323	-0.242085	0.969486	-0.0386198	-0.0490501	0.0940746	-0.0161626	-0.995434	-0.0391184	
0.334	-0.965682	-0.244613	-0.0873066	-0.436322	-0.242085	0.969486	-0.0386182	-0.0490487	0.0940891	-0.0161572	-0.995433	-0.0391059	
0.336	-0.965681	-0.244614	-0.0873182	-0.436319	-0.242086	0.969486	-0.0386169	-0.0490479	0.0941	-0.0161531	-0.995432	-0.0390937	
0.338	-0.965679	-0.244618	-0.087331	-0.436317	-0.24209	0.969485	-0.0386146	-0.0490469	0.0941119	-0.0161474	-0.995431	-0.0390814	
0.34	-0.965677	-0.244618	-0.0873462	-0.436315	-0.24209	0.969485	-0.0386133	-0.049046	0.0941264	-0.0161423	-0.995429	-0.0390676	
0.342	-0.965675	-0.244622	-0.0873604	-0.436313	-0.242094	0.969484	-0.038611	-0.049045	0.0941397	-0.0161363	-0.995428	-0.0390546	
0.344	-0.965673	-0.244622	-0.0873781	-0.436312	-0.242094	0.969484	-0.0386098	-0.0490442	0.0941565	-0.0161307	-0.995427	-0.0390401	
0.346	-0.965672	-0.244624	-0.0873911	-0.436308	-0.242096	0.969484	-0.0386077	-0.0490431	0.0941686	-0.0161253	-0.995426	-0.0390262	
0.348	-0.965669	-0.244629	-0.0874051	-0.436304	-0.242101	0.969483	-0.0386048	-0.0490417	0.0941816	-0.0161186	-0.995425	-0.0390108	
0.35	-0.965667	-0.244631	-0.0874191	-0.4363	-0.242103	0.969482	-0.0386032	-0.0490413	0.0941948	-0.0161135	-0.995423	-0.0389961	
0.352	-0.965665	-0.244635	-0.087433	-0.436295	-0.242106	0.969482	-0.0386018	-0.0490407	0.094208	-0.0161083	-0.995422	-0.0389807	
0.354	-0.965663	-0.244637	-0.0874537	-0.436294	-0.242109	0.969481	-0.0385996	-0.0490396	0.0942276	-0.0161009	-0.99542	-0.0389632	
0.356	-0.96566	-0.244639	-0.087474	-0.436291	-0.24211	0.969481	-0.0385987	-0.0490392	0.0942471	-0.0160949	-0.995419	-0.0389449	
0.358	-0.965658	-0.244644	-0.087488	-0.436285	-0.242116	0.969479	-0.0385954	-0.0490376	0.09426	-0.0160878	-0.995418	-0.0389281	
0.36	-0.965655	-0.244648	-0.0875062	-0.436281	-0.24212	0.969479	-0.0385938	-0.0490369	0.0942772	-0.0160813	-0.995416	-0.0389098	
0.362	-0.965653	-0.24465	-0.0875224	-0.436276	-0.242121	0.969478	-0.0385926	-0.0490364	0.0942927	-0.016076	-0.995415	-0.0388922	
0.364	-0.96565	-0.244657	-0.0875442	-0.436274	-0.242128	0.969477	-0.0385916	-0.0490364	0.0943137	-0.016069	-0.995413	-0.038873	
0.366	-0.965647	-0.244659	-0.0875684	-0.436272	-0.24213	0.969476	-0.0385904	-0.0490358	0.0943369	-0.0160618	-0.995411	-0.038852	
0.368	-0.965643	-0.244667	-0.0875914	-0.436269	-0.242137	0.969474	-0.0385901	-0.0490364	0.0943593	-0.0160551	-0.995409	-0.0388311	
0.37	-0.96564	-0.24467	-0.087613	-0.436266	-0.24214	0.969474	-0.0385899	-0.0490366	0.0943803	-0.0160493	-0.995407	-0.0388112	
0.372	-0.965636	-0.244676	-0.0876373	-0.436264	-0.242145	0.969472	-0.0385901	-0.0490373	0.0944039	-0.016043	-0.995405	-0.0387897	
0.374	-0.965633	-0.244682	-0.0876601	-0.436261	-0.242151	0.969471	-0.0385902	-0.0490379	0.0944263	-0.016037	-0.995403	-0.0387689	
0.376	-0.965629	-0.244689	-0.0876779	-0.436255	-0.242158	0.969469	-0.0385912	-0.0490392	0.0944438	-0.0160329	-0.995401	-0.0387494	
0.378	-0.965625	-0.244697	-0.0877035	-0.436253	-0.242166	0.969467	-0.0385935	-0.0490419	0.0944694	-0.016028	-0.995399	-0.0387273	
0.38	-0.965621	-0.244706	-0.087726	-0.43625	-0.242174	0.969465	-0.0385966	-0.0490448	0.0944922	-0.0160248	-0.995397	-0.0387067	
0.382	-0.965617	-0.244713	-0.0877501	-0.436248	-0.24218	0.969463	-0.0386014	-0.0490485	0.0945167	-0.0160228	-0.995394	-0.0386858	
0.384	-0.965611	-0.244727	-0.0877703	-0.436243	-0.242193	0.96946	-0.0386059	-0.0490531	0.0945376	-0.0160209	-0.995392	-0.0386651	
0.386	-0.965607	-0.244735	-0.0877943	-0.436241	-0.242201	0.969458	-0.0386115	-0.0490575	0.0945624	-0.0160197	-0.99539	-0.0386438	
0.388	-0.965602	-0.244747	-0.0878222	-0.436239	-0.242211	0.969455	-0.0386175	-0.0490624	0.0945911	-0.0160176	-0.995387	-0.03862	
0.39	-0.965596	-0.24476	-0.0878498	-0.436238	-0.242223	0.969451	-0.0386247	-0.0490687	0.0946199	-0.0160166	-0.995385	-0.038597	
0.392	-0.965591	-0.244772	-0.087871	-0.436232	-0.242235	0.969448	-0.0386338	-0.0490757	0.0946428	-0.016019	-0.995382	-0.0385748	
0.394	-0.965585	-0.244787	-0.0878963	-0.436229	-0.242248	0.969445	-0.0386424	-0.0490826	0.0946697	-0.0160198	-0.99538	-0.038551	
0.396	-0.965579	-0.244802	-0.0879175	-0.436222	-0.242262	0.969441	-0.0386518	-0.0490901	0.0946928	-0.0160223	-0.995378	-0.0385281	
0.398	-0.965572	-0.244816	-0.0879475	-0.43622	-0.242275	0.969437	-0.038662	-0.0490983	0.0947246	-0.0160235	-0.995375	-0.038502	
0.4	-0.965565	-0.244835	-0.0879739	-0.436216	-0.242292	0.969432	-0.0386718	-0.0491064	0.094753	-0.0160248	-0.995372	-0.0384769	
0.402	-0.965558	-0.244852	-0.0880077	-0.436215	-0.242307	0.969428	-0.038685	-0.0491169	0.0947892	-0.0160278	-0.995368	-0.0384493	
0.404	-0.96555	-0.24487	-0.0880404	-0.436213	-0.242324	0.969423	-0.0386975	-0.0491265	0.0948243	-0.0160301	-0.995365	-0.0384216	
0.406	-0.965542	-0.24489	-0.0880706	-0.436209	-0.242342	0.969418	-0.0387106	-0.0491373	0.0948571	-0.0160335	-0.995362	-0.0383935	
0.408	-0.965536	-0.244908	-0.088098	-0.436203	-0.242358	0.969414	-0.0387239	-0.0491475	0.0948872	-0.016038	-0.995359	-0.0383659	
0.41	-0.965528	-0.244928	-0.0881265	-0.436198	-0.242377	0.969408	-0.0387393	-0.0491597	0.0949189	-0.0160441	-0.995356	-0.0383376	
0.412	-0.965518	-0.244952	-0.0881615	-0.436195	-0.242399	0.969402	-0.0387563	-0.0491733	0.0949574	-0.0160497	-0.995352	-0.0383072	
0.414	-0.96551	-0.244972	-0.0881952	-0.436191	-0.242416	0.969397	-0.0387717	-0.049185	0.0949941	-0.0160546	-0.995348	-0.038277	
0.416	-0.965502	-0.244994	-0.0882314	-0.436189	-0.242436	0.969392	-0.0387892	-0.0491987	0.0950339	-0.0160606	-0.995344	-0.038246	
0.418	-0.965492	-0.24502	-0.0882689	-0.436187	-0.24246	0.969385	-0.0388082	-0.0492137	0.0950753	-0.0160673	-0.99534	-0.0382143	
0.42	-0.965484	-0.245039	-0.0882974	-0.43618	-0.242477	0.96938	-0.0388256	-0.0492267	0.0951075	-0.0160754	-0.995337	-0.0381845	
0.422	-0.965474	-0.245066	-0.088331	-0.436176	-0.242501	0.969373	-0.0388442	-0.0492415	0.0951451	-0.0160827	-0.995333	-0.0381531	
0.424	-0.965465	-0.24509	-0.0883631	-0.436171	-0.242523	0.969367	-0.0388659	-0.049258	0.0951819	-0.0160936	-0.99533	-0.0381225	
0.426	-0.965456	-0.245112	-0.0883966	-0.436165	-0.242544	0.969361	-0.0388852	-0.0492729	0.0952195	-0.016102	-0.995326	-0.0380901	
0.428	-0.965447	-0.245137	-0.0884286	-0.436159	-0.242565	0.969355	-0.0389066	-0.0492893	0.0952561	-0.0161126	-0.995322	-0.0380584	
0.43	-0.965439	-0.245156	-0.0884618	-0.436153	-0.242582	0.96935	-0.0389279	-0.0493047	0.0952938	-0.0161234	-0.995319	-0.0380263	
0.432	-0.965431	-0.245178	-0.0884887	-0.436144	-0.242601	0.969344	-0.0389485	-0.0493203	0.0953253	-0.0161346	-0.995315	-0.0379954	
0.434	-0.965423	-0.2452	-0.0885166	-0.436135	-0.242621	0.969338	-0.0389726	-0.0493383	0.0953586	-0.016149	-0.995312	-0.0379643	
0.436	-0.965416	-0.245218	-0.0885483	-0.436129	-0.242636	0.969333	-0.0389958	-0.0493551	0.0953952	-0.0161622	-0.995308	-0.0379319	
0.438	-0.965407	-0.245239	-0.08858	-0.436122	-0.242655	0.969328	-0.0390191	-0.0493724	0.095432	-0.016175	-0.995305	-0.0378999	
0.44	-0.9654	-0.245256	-0.0886164	-0.436118	-0.242668	0.969323	-0.0390432	-0.04939	0.0954735	-0.0161878	-0.9953	-0.037866	
0.442	-0.965394	-0.24527	-0.0886442	-0.436109	-0.242681	0.969319	-0.0390657	-0.0494062	0.0955062	-0.0162016	-0.995297	-0.0378347	
0.444	-0.965386	-0.24529	-0.0886745	-0.4361	-0.242698	0.969314	-0.0390893	-0.0494235	0.0955417	-0.0162151	-0.995293	-0.0378021	
0.446	-0.96538	-0.245304	-0.0887009	-0.436091	-0.242709	0.96931	-0.0391125	-0.0494404	0.0955732	-0.0162299	-0.99529	-0.0377713	
0.448	-0.965373	-0.245324	-0.0887247	-0.43608	-0.242726	0.969305	-0.0391363	-0.0494582	0.0956023	-0.0162453	-0.995287	-0.0377405	
0.45	-0.965364	-0.245345	-0.0887547	-0.436071	-0.242744	0.9693	-0.0391606	-0.0494768	0.0956377	-0.0162595	-0.995283	-0.037708	
0.452	-0.965356	-0.245366	-0.0887853	-0.436063	-0.242763	0.969294	-0.0391824	-0.0494938	0.095673	-0.0162712	-0.99528	-0.0376755	
0.454	-0.965346	-0.245392	-0.088822	-0.436058	-0.242786	0.969287	-0.0392052	-0.049512	0.0957147	-0.0162818	-0.995276	-0.0376405	
0.456	-0.965337	-0.245415	-0.0888576	-0.436052	-0.242807	0.969281	-0.0392258	-0.0495288	0.0957546	-0.0162909	-0.995272	-0.0376066	
0.458	-0.965328	-0.245439	-0.0888893	-0.436043	-0.242829	0.969275	-0.0392468	-0.049546	0.0957908	-0.0163012	-0.995268	-0.0375725	
0.46	-0.965319	-0.245466	-0.0889187	-0.436034	-0.242853	0.969268	-0.039266	-0.0495623	0.0958246	-0.01631	-0.995265	-0.03754	
0.462	-0.965309	-0.245491	-0.0889509	-0.436026	-0.242876	0.969262	-0.0392834	-0.0495773	0.0958605	-0.0163166	-0.995261	-0.0375071	
0.464	-0.965298	-0.245521	-0.0889894	-0.436021	-0.242904	0.969254	-0.0393025	-0.0495942	0.0959029	-0.0163227	-0.995257	-0.0374717	
0.466	-0.965286	-0.245552	-0.0890303	-0.436018	-0.242932	0.969246	-0.0393227	-0.0496119	0.095948	-0.0163294	-0.995252	-0.0374359	
0.468	-0.965276	-0.245579	-0.0890698	-0.436013	-0.242958	0.969239	-0.0393403	-0.049628	0.0959911	-0.0163341	-0.995248	-0.0373997	
0.47	-0.965264	-0.245611	-0.0891099	-0.436009	-0.242987	0.969231	-0.039359	-0.0496448	0.096035	-0.0163393	-0.995244	-0.0373641	
0.472	-0.965253	-0.24564	-0.0891496	-0.436005	-0.243014	0.969223	-0.0393772	-0.0496611	0.0960785	-0.0163444	-0.99524	-0.0373289	
0.474	-0.965243	-0.245667	-0.0891869	-0.435999	-0.243038	0.969217	-0.0393921	-0.049675	0.0961188	-0.0163472	-0.995236	-0.0372935	
0.476	-0.965231	-0.245697	-0.0892268	-0.435994	-0.243067	0.969209	-0.0394098	-0.0496911	0.0961623	-0.0163515	-0.995231	-0.037258	
0.478	-0.965222	-0.245721	-0.0892679	-0.435992	-0.243088	0.969203	-0.0394256	-0.0497049	0.0962063	-0.0163545	-0.995227	-0.0372228	
0.48	-0.965212	-0.245744	-0.0893049	-0.435986	-0.243109	0.969197	-0.0394404	-0.0497184	0.0962462	-0.0163575	-0.995223	-0.0371886	
0.482	-0.965203	-0.245767	-0.0893408	-0.435982	-0.243131	0.969191	-0.0394532	-0.0497305	0.0962846	-0.0163588	-0.995219	-0.0371548	
0.484	-0.965194	-0.245789	-0.0893755	-0.435975	-0.243151	0.969185	-0.0394667	-0.0497426	0.0963219	-0.0163613	-0.995216	-0.037121	
0.486	-0.965185	-0.24581	-0.0894103	-0.435969	-0.243171	0.96918	-0.0394779	-0.0497533	0.0963588	-0.0163615	-0.995212	-0.037088	
0.488	-0.965178	-0.245827	-0.0894476	-0.435966	-0.243185	0.969176	-0.0394903	-0.0497639	0.0963982	-0.0163628	-0.995208	-0.037055	
0.49	-0.965171	-0.245841	-0.0894814	-0.435959	-0.243198	0.969172	-0.0395011	-0.049773	0.0964339	-0.0163636	-0.995205	-0.0370219	
0.492	-0.965163	-0.24586	-0.0895136	-0.435952	-0.243215	0.969167	-0.0395127	-0.0497832	0.0964682	-0.0163651	-0.995202	-0.0369897	
0.494	-0.965157	-0.245873	-0.0895486	-0.435946	-0.243227	0.969164	-0.0395234	-0.0497917	0.096505	-0.0163656	-0.995198	-0.0369561	
0.496	-0.96515	-0.245888	-0.0895747	-0.435935	-0.243241	0.96916	-0.0395322	-0.0497991	0.0965327	-0.0163663	-0.995195	-0.0369246	
0.498	-0.965144	-0.245902	-0.0896046	-0.435926	-0.243253	0.969157	-0.0395401	-0.0498059	0.0965639	-0.0163653	-0.995192	-0.0368922	
0.5	-0.965139	-0.245913	-0.089628	-0.435913	-0.243263	0.969154	-0.0395481	-0.049812	0.0965887	-0.0163663	-0.99519	-0.0368609	
0.502	-0.965133	-0.245925	-0.0896559	-0.435902	-0.243274	0.969151	-0.0395557	-0.0498181	0.0966178	-0.0163655	-0.995187	-0.0368285	
0.504	-0.965128	-0.245933	-0.0896907	-0.435893	-0.243281	0.969149	-0.0395622	-0.049823	0.0966533	-0.0163626	-0.995184	-0.0367926	
0.506	-0.965123	-0.245943	-0.0897208	-0.435883	-0.24329	0.969146	-0.0395692	-0.0498284	0.0966843	-0.016361	-0.995181	-0.0367585	
0.508	-0.965118	-0.245952	-0.0897507	-0.435872	-0.243298	0.969144	-0.0395751	-0.0498331	0.096715	-0.0163584	-0.995178	-0.0367241	
0.51	-0.965113	-0.24596	-0.0897789	-0.435859	-0.243305	0.969142	-0.0395806	-0.0498375	0.0967437	-0.0163561	-0.995175	-0.0366883	
0.512	-0.965108	-0.245971	-0.0898088	-0.435846	-0.243315	0.969139	-0.0395872	-0.0498428	0.0967746	-0.0163541	-0.995172	-0.0366528	
0.514	-0.965103	-0.245979	-0.0898363	-0.435832	-0.243322	0.969137	-0.0395931	-0.0498473	0.0968028	-0.0163522	-0.995169	-0.0366174	
0.516	-0.965097	-0.24599	-0.0898753	-0.435824	-0.243331	0.969135	-0.0395997	-0.0498525	0.0968424	-0.0163481	-0.995165	-0.0365783	
0.518	-0.965091	-0.246002	-0.0899052	-0.43581	-0.243342	0.969132	-0.0396045	-0.0498567	0.0968728	-0.0163442	-0.995163	-0.0365419	
0.52	-0.965086	-0.246011	-0.0899367	-0.435798	-0.24335	0.969129	-0.039609	-0.0498605	0.0969045	-0.01634	-0.99516	-0.0365055	
0.522	-0.96508	-0.246021	-0.089963	-0.435782	-0.24336	0.969127	-0.0396115	-0.0498631	0.0969308	-0.0163348	-0.995157	-0.0364694	
0.524	-0.965076	-0.246029	-0.0899882	-0.435767	-0.243368	0.969125	-0.0396148	-0.049866	0.0969562	-0.016331	-0.995155	-0.0364348	
0.526	-0.965071	-0.246039	-0.090013	-0.435751	-0.243376	0.969122	-0.0396188	-0.0498695	0.0969814	-0.0163279	-0.995152	-0.0363995	
0.528	-0.965065	-0.246052	-0.0900433	-0.435738	-0.243388	0.969119	-0.0396221	-0.0498728	0.0970118	-0.0163224	-0.995149	-0.0363631	
0.53	-0.965061	-0.24606	-0.0900709	-0.435724	-0.243396	0.969117	-0.0396255	-0.0498758	0.0970395	-0.0163181	-0.995147	-0.0363278	
0.532	-0.965054	-0.246072	-0.0901027	-0.435712	-0.243408	0.969114	-0.039629	-0.0498793	0.0970714	-0.0163125	-0.995144	-0.0362918	
0.534	-0.965049	-0.246084	-0.0901316	-0.435698	-0.243418	0.969111	-0.0396326	-0.0498827	0.0971005	-0.0163078	-0.995141	-0.0362552	
0.536	-0.965044	-0.246093	-0.0901605	-0.435684	-0.243426	0.969109	-0.0396369	-0.0498863	0.0971297	-0.0163039	-0.995138	-0.0362193	
0.538	-0.965037	-0.246109	-0.0901884	-0.43567	-0.243442	0.969105	-0.0396416	-0.049891	0.0971582	-0.0162999	-0.995135	-0.0361835	
0.54	-0.965031	-0.24612	-0.0902196	-0.435657	-0.243452	0.969102	-0.039648	-0.0498961	0.0971902	-0.0162974	-0.995132	-0.0361468	
0.542	-0.965025	-0.246135	-0.0902473	-0.435642	-0.243465	0.969099	-0.039653	-0.0499007	0.0972185	-0.016294	-0.99513	-0.0361107	
0.544	-0.965018	-0.246148	-0.0902826	-0.435631	-0.243478	0.969095	-0.0396599	-0.0499065	0.0972546	-0.0162907	-0.995126	-0.0360726	
0.546	-0.965012	-0.24616	-0.0903124	-0.435617	-0.243489	0.969092	-0.0396669	-0.0499121	0.0972855	-0.016289	-0.995123	-0.0360354	
0.548	-0.965005	-0.246176	-0.0903476	-0.435605	-0.243503	0.969088	-0.0396756	-0.0499191	0.097322	-0.0162872	-0.99512	-0.0359965	
0.55	-0.964998	-0.246191	-0.0903814	-0.435592	-0.243516	0.969085	-0.0396854	-0.0499269	0.0973574	-0.016287	-0.995116	-0.035957	
0.552	-0.964991	-0.246204	-0.0904185	-0.435581	-0.243528	0.969081	-0.0396994	-0.0499371	0.097397	-0.0162902	-0.995112	-0.0359165	
0.554	-0.964982	-0.246225	-0.0904558	-0.435568	-0.243547	0.969076	-0.0397125	-0.0499475	0.0974368	-0.0162917	-0.995108	-0.0358749	
0.556	-0.964976	-0.246238	-0.0904941	-0.435556	-0.243557	0.969073	-0.0397277	-0.0499584	0.0974778	-0.0162958	-0.995104	-0.0358327	
0.558	-0.964968	-0.246255	-0.0905261	-0.43554	-0.243573	0.969068	-0.039745	-0.0499711	0.0975133	-0.016303	-0.995101	-0.0357921	
0.56	-0.96496	-0.246275	-0.090558	-0.435525	-0.24359	0.969063	-0.0397618	-0.0499837	0.0975487	-0.0163095	-0.995097	-0.0357516	
0.562	-0.964954	-0.246285	-0.0905923	-0.43551	-0.243598	0.96906	-0.0397788	-0.0499955	0.0975863	-0.0163166	-0.995093	-0.0357103	
0.564	-0.964946	-0.246303	-0.0906303	-0.435497	-0.243614	0.969055	-0.0397987	-0.0500099	0.0976283	-0.0163248	-0.995089	-0.0356675	
0.566	-0.964938	-0.24632	-0.0906707	-0.435487	-0.243628	0.969051	-0.039819	-0.0500245	0.0976728	-0.016333	-0.995085	-0.0356251	
0.568	-0.964931	-0.246333	-0.0907113	-0.435476	-0.243639	0.969047	-0.0398403	-0.0500394	0.0977175	-0.0163424	-0.99508	-0.0355827	
0.57	-0.964922	-0.246354	-0.0907494	-0.435465	-0.243657	0.969042	-0.0398621	-0.0500553	0.0977601	-0.0163522	-0.995076	-0.0355416	
0.572	-0.964915	-0.246368	-0.0907872	-0.435452	-0.243669	0.969038	-0.0398841	-0.0500706	0.0978025	-0.0163627	-0.995071	-0.0354988	
0.574	-0.964907	-0.246386	-0.0908161	-0.435436	-0.243684	0.969033	-0.0399083	-0.0500874	0.0978367	-0.0163774	-0.995068	-0.0354598	
0.576	-0.964899	-0.246408	-0.0908423	-0.435419	-0.243703	0.969028	-0.03993	-0.0501036	0.0978678	-0.0163899	-0.995064	-0.0354208	
0.578	-0.964893	-0.246422	-0.0908735	-0.435404	-0.243715	0.969024	-0.0399547	-0.0501206	0.0979043	-0.0164048	-0.995061	-0.0353817	
0.58	-0.964883	-0.246447	-0.0909079	-0.435391	-0.243737	0.969017	-0.0399776	-0.0501376	0.0979436	-0.0164161	-0.995057	-0.0353412	
0.582	-0.964875	-0.246465	-0.0909471	-0.43538	-0.243752	0.969012	-0.039999	-0.050153	0.0979873	-0.0164255	-0.995052	-0.0353	
0.584	-0.964866	-0.246486	-0.0909877	-0.43537	-0.243769	0.969007	-0.0400231	-0.0501704	0.0980329	-0.0164369	-0.995047	-0.0352574	
0.586	-0.964855	-0.24651	-0.0910311	-0.435361	-0.243791	0.969001	-0.0400441	-0.0501861	0.0980805	-0.0164442	-0.995043	-0.0352149	
0.588	-0.964846	-0.246532	-0.0910753	-0.435352	-0.24381	0.968995	-0.0400693	-0.0502042	0.0981299	-0.0164557	-0.995038	-0.0351709	
0.59	-0.964835	-0.246559	-0.0911184	-0.435344	-0.243834	0.968988	-0.0400927	-0.050222	0.0981778	-0.0164651	-0.995033	-0.0351277	
0.592	-0.964824	-0.246584	-0.0911616	-0.435333	-0.243856	0.968981	-0.0401166	-0.0502397	0.098226	-0.0164752	-0.995028	-0.0350833	
0.594	-0.964814	-0.24661	-0.0912029	-0.435321	-0.243879	0.968975	-0.0401416	-0.0502587	0.0982726	-0.0164867	-0.995023	-0.0350385	
0.596	-0.964802	-0.246641	-0.0912432	-0.435309	-0.243907	0.968966	-0.0401658	-0.0502773	0.0983182	-0.0164972	-0.995018	-0.0349943	
0.598	-0.964791	-0.246668	-0.0912911	-0.435301	-0.24393	0.968959	-0.0401929	-0.0502973	0.0983717	-0.0165091	-0.995013	-0.0349477	
0.6	-0.964779	-0.246696	-0.0913342	-0.435292	-0.243955	0.968952	-0.04022	-0.0503172	0.0984206	-0.016522	-0.995008	-0.0349042	
0.602	-0.964767	-0.246727	-0.091378	-0.435283	-0.243983	0.968944	-0.0402467	-0.0503376	0.0984701	-0.016534	-0.995003	-0.034859	
0.604	-0.964757	-0.246753	-0.0914137	-0.435268	-0.244006	0.968937	-0.0402728	-0.0503571	0.0985116	-0.016548	-0.994998	-0.0348152	
0.606	-0.964746	-0.246783	-0.0914492	-0.435255	-0.244033	0.968929	-0.0403001	-0.0503779	0.0985532	-0.0165627	-0.994994	-0.0347711	
0.608	-0.964736	-0.246811	-0.0914833	-0.43524	-0.244058	0.968922	-0.0403293	-0.0503996	0.0985939	-0.0165799	-0.99499	-0.0347272	
0.61	-0.964725	-0.24684	-0.0915176	-0.435226	-0.244083	0.968914	-0.0403581	-0.0504213	0.0986347	-0.0165966	-0.994985	-0.0346839	
0.612	-0.964713	-0.246872	-0.0915547	-0.435214	-0.244112	0.968906	-0.0403895	-0.0504451	0.0986789	-0.0166147	-0.994981	-0.0346388	
0.614	-0.964703	-0.246899	-0.0915919	-0.435201	-0.244135	0.968898	-0.0404205	-0.0504682	0.0987231	-0.0166329	-0.994976	-0.0345927	
0.616	-0.964691	-0.24693	-0.0916295	-0.43519	-0.244162	0.96889	-0.0404527	-0.0504926	0.098768	-0.0166519	-0.994971	-0.0345466	
